('charge_norm_1_0.10431742603390584_0.11737113959967935', 0.3744373476496441, -0.09328467834403867, 0.0315093760912355, [-0.12479405443527417, -0.06177530225280317])
[1.0, 0.10431742603390584, 0.11737113959967935]
Counter({nan: 7, 'B88': 4, 'R88': 3, 'N': 1}) 

            bond1                             bond2  \
2   [1, 1, 3, 10]  [1, 3, 5, 5, 5, 5, 5, 7, 10, 28]   
3   [1, 1, 3, 10]  [1, 3, 5, 5, 5, 5, 5, 7, 10, 28]   
9   [1, 3, 5, 10]           [3, 5, 5, 5, 7, 10, 28]   
10  [1, 3, 5, 10]           [3, 5, 5, 5, 7, 10, 28]   
7   [1, 3, 5, 10]           [3, 3, 5, 5, 7, 10, 28]   
0   [1, 1, 3, 10]  [1, 3, 5, 5, 5, 5, 5, 7, 10, 28]   
1   [1, 1, 3, 10]  [1, 3, 5, 5, 5, 5, 5, 7, 10, 28]   
8   [1, 3, 5, 10]           [3, 5, 5, 5, 7, 10, 28]   
4   [1, 3, 5, 10]            [1, 1, 3, 5, 5, 7, 10]   
5   [1, 3, 5, 10]           [1, 1, 3, 5, 7, 10, 28]   
6   [1, 3, 5, 10]           [1, 3, 5, 5, 7, 10, 28]   
11  [1, 3, 5, 10]          [3, 5, 5, 7, 10, 15, 28]   
12  [1, 3, 5, 10]          [3, 5, 5, 7, 10, 28, 37]   
13  [1, 3, 5, 10]          [3, 5, 5, 7, 10, 28, 41]   
14  [1, 3, 5, 10]          [3, 5, 5, 7, 10, 28, 64]   

                                          charge_x  atoms  charge_y origin  
2     [361, 0.115799, 0.115889, 0.115879, 2.1e-05]    1.0  0.115868    B88  
3     [361, 0.115799, 0.115889, 0.115879, 2.1e-05]    1.0  0.115885    B88  
9     [188, 0.104846, 0.105154, 0.104942, 4.4e-05]    1.0  0.104955    B88  
10    [188, 0.104846, 0.105154, 0.104942, 4.4e-05]    1.0  0.104955    B88  
7      [131, 0.116398, 0.116694, 0.11646, 5.3e-05]    1.0  0.116456      N  
0     [361, 0.115799, 0.115889, 0.115879, 2.1e-05]    1.0  0.115857    R88  
1     [361, 0.115799, 0.115889, 0.115879, 2.1e-05]    1.0  0.115874    R88  
8     [188, 0.104846, 0.105154, 0.104942, 4.4e-05]    1.0  0.104954    R88  
4      [34, 0.110566, 0.110785, 0.110646, 2.8e-05]    NaN       NaN    NaN  
5       [118, 0.110193, 0.110489, 0.110282, 5e-05]    NaN       NaN    NaN  
6   [1626, 0.107472, 0.108528, 0.107932, 0.000189]    NaN       NaN    NaN  
11       [27, 0.116526, 0.116534, 0.116527, 3e-06]    NaN       NaN    NaN  
12    [213, 0.111671, 0.111983, 0.111766, 4.8e-05]    NaN       NaN    NaN  
13    [123, 0.112852, 0.112942, 0.112932, 1.6e-05]    NaN       NaN    NaN  
14   [131, 0.111759, 0.113331, 0.112748, 0.000723]    NaN       NaN    NaN  
('charge_41_0.06415049310865131_0.06666999388438306', 0.37490064103460197, 0.09340009998845, 0.0315030141193802, [0.0618970858690698, 0.1249031141078302])
[41.0, 0.06415049310865131, 0.06666999388438306]
Counter({nan: 1}) 

         bond1       bond2                                       charge_x  \
0  [1, 32, 32]  [1, 5, 10]  [181, 0.063535, 0.066455, 0.064149, 0.000714]   

   atoms  charge_y origin  
0    NaN       NaN    NaN  
('charge_norm_3_0.2306185636697955_0.24619849559912854', 0.38601185842072633, -0.09616827027483164, 0.031347678826651265, [-0.1275159491014829, -0.06482059144818038])
[3.0, 0.2306185636697955, 0.24619849559912854]
Counter({'B88': 5, 'R88': 3, nan: 2, 'PEG1': 1, 'PEG': 1, 'N': 1}) 

         bond1              bond2  \
2   [1, 7, 10]  [1, 1, 1, 10, 28]   
3   [1, 7, 10]  [1, 1, 1, 10, 28]   
4   [1, 7, 10]  [1, 1, 1, 10, 28]   
8   [1, 7, 10]  [1, 1, 5, 10, 28]   
9   [1, 7, 10]  [1, 1, 5, 10, 28]   
6   [1, 7, 10]  [1, 1, 5, 10, 28]   
12  [1, 7, 10]   [1, 5, 5, 6, 28]   
11  [1, 7, 10]   [1, 5, 5, 6, 28]   
0   [1, 7, 10]  [1, 1, 1, 10, 28]   
1   [1, 7, 10]  [1, 1, 1, 10, 28]   
7   [1, 7, 10]  [1, 1, 5, 10, 28]   
5   [1, 7, 10]   [1, 1, 1, 5, 10]   
10  [1, 7, 10]  [1, 5, 5, 10, 28]   

                                          charge_x  atoms  charge_y origin  
2     [400, 0.245401, 0.245919, 0.245645, 9.6e-05]    3.0  0.245607    B88  
3     [400, 0.245401, 0.245919, 0.245645, 9.6e-05]    3.0  0.245896    B88  
4     [400, 0.245401, 0.245919, 0.245645, 9.6e-05]    3.0  0.245528    B88  
8   [2780, 0.242226, 0.245618, 0.243044, 0.000687]    3.0  0.242648    B88  
9   [2780, 0.242226, 0.245618, 0.243044, 0.000687]    3.0  0.242640    B88  
6   [2780, 0.242226, 0.245618, 0.243044, 0.000687]    3.0  0.243200      N  
12          [4, 0.246137, 0.24616, 0.24615, 9e-06]    3.0  0.245580    PEG  
11          [4, 0.246137, 0.24616, 0.24615, 9e-06]    3.0  0.245580   PEG1  
0     [400, 0.245401, 0.245919, 0.245645, 9.6e-05]    3.0  0.245606    R88  
1     [400, 0.245401, 0.245919, 0.245645, 9.6e-05]    3.0  0.245528    R88  
7   [2780, 0.242226, 0.245618, 0.243044, 0.000687]    3.0  0.242640    R88  
5     [35, 0.244914, 0.248021, 0.245469, 0.000517]    NaN       NaN    NaN  
10    [44, 0.239204, 0.239746, 0.239504, 0.000134]    NaN       NaN    NaN  
('charge_norm_41_0.041474986127065495_0.04399448690279725', 0.3963576040491147, -0.09874573632951715, 0.03119824168708479, [-0.12994397801660193, -0.06754749464243236])
[41.0, 0.041474986127065495, 0.04399448690279725]
Counter({'D': 2, 'E': 2}) 

         bond1      bond2                                       charge_x  \
2  [1, 32, 32]  [1, 5, 5]  [330, 0.041475, 0.043965, 0.042412, 0.001204]   
3  [1, 32, 32]  [1, 5, 5]  [330, 0.041475, 0.043965, 0.042412, 0.001204]   
0  [1, 32, 32]  [1, 5, 5]  [330, 0.041475, 0.043965, 0.042412, 0.001204]   
1  [1, 32, 32]  [1, 5, 5]  [330, 0.041475, 0.043965, 0.042412, 0.001204]   

   atoms  charge_y origin  
2     41  0.043460      D  
3     41  0.043876      D  
0     41  0.041458      E  
1     41  0.041476      E  
('charge_norm_32_-0.5501702476405683_-0.549912333580245', 0.3963576040491148, -0.09874573632951715, 0.03119824168708479, [-0.12994397801660193, -0.06754749464243236])
[32.0, -0.5501702476405683, -0.549912333580245]
Counter({'D': 4, 'E': 4}) 

  bond1    bond2                                         charge_x  atoms  \
4  [41]  [1, 32]  [1088, -0.55017, -0.547591, -0.54924, 0.001112]     32   
5  [41]  [1, 32]  [1088, -0.55017, -0.547591, -0.54924, 0.001112]     32   
6  [41]  [1, 32]  [1088, -0.55017, -0.547591, -0.54924, 0.001112]     32   
7  [41]  [1, 32]  [1088, -0.55017, -0.547591, -0.54924, 0.001112]     32   
0  [41]  [1, 32]  [1088, -0.55017, -0.547591, -0.54924, 0.001112]     32   
1  [41]  [1, 32]  [1088, -0.55017, -0.547591, -0.54924, 0.001112]     32   
2  [41]  [1, 32]  [1088, -0.55017, -0.547591, -0.54924, 0.001112]     32   
3  [41]  [1, 32]  [1088, -0.55017, -0.547591, -0.54924, 0.001112]     32   

   charge_y origin  
4 -0.550093      D  
5 -0.550093      D  
6 -0.550074      D  
7 -0.550074      D  
0 -0.550171      E  
1 -0.550171      E  
2 -0.550170      E  
3 -0.550170      E  
('charge_norm_32_-0.5501702476405683_-0.5500412906104066', 0.3963576040491148, -0.09874573632951715, 0.03119824168708479, [-0.12994397801660193, -0.06754749464243236])
[32.0, -0.5501702476405683, -0.5500412906104066]
Counter({'D': 4, 'E': 4}) 

  bond1    bond2                                         charge_x  atoms  \
4  [41]  [1, 32]  [1088, -0.55017, -0.547591, -0.54924, 0.001112]     32   
5  [41]  [1, 32]  [1088, -0.55017, -0.547591, -0.54924, 0.001112]     32   
6  [41]  [1, 32]  [1088, -0.55017, -0.547591, -0.54924, 0.001112]     32   
7  [41]  [1, 32]  [1088, -0.55017, -0.547591, -0.54924, 0.001112]     32   
0  [41]  [1, 32]  [1088, -0.55017, -0.547591, -0.54924, 0.001112]     32   
1  [41]  [1, 32]  [1088, -0.55017, -0.547591, -0.54924, 0.001112]     32   
2  [41]  [1, 32]  [1088, -0.55017, -0.547591, -0.54924, 0.001112]     32   
3  [41]  [1, 32]  [1088, -0.55017, -0.547591, -0.54924, 0.001112]     32   

   charge_y origin  
4 -0.550093      D  
5 -0.550093      D  
6 -0.550074      D  
7 -0.550074      D  
0 -0.550171      E  
1 -0.550171      E  
2 -0.550170      E  
3 -0.550170      E  
('charge_norm_41_0.06415049310865131_0.06666999388438306', 0.3979022597040567, 0.09913056093856876, 0.031175528601004476, [0.06795503233756428, 0.13030608953957323])
[41.0, 0.06415049310865131, 0.06666999388438306]
Counter({nan: 1}) 

         bond1       bond2                                       charge_x  \
0  [1, 32, 32]  [1, 5, 10]  [181, 0.063535, 0.066455, 0.064149, 0.000714]   

   atoms  charge_y origin  
0    NaN       NaN    NaN  
('charge_norm_3_0.21503863174046248_0.24619849559912854', 0.40792828210874027, -0.10162837340562553, 0.03102553995087951, [-0.13265391335650503, -0.07060283345474602])
[3.0, 0.21503863174046248, 0.24619849559912854]
Counter({'B88': 5, nan: 4, 'N': 4, 'EEA': 3, 'R88': 3, 'Q': 2, 'BAla': 1, 'PEG': 1, 'PEG1': 1, 'PEG5': 1, 'PEG2': 1}) 

         bond1              bond2  \
2   [1, 7, 10]  [1, 1, 1, 10, 28]   
3   [1, 7, 10]  [1, 1, 1, 10, 28]   
4   [1, 7, 10]  [1, 1, 1, 10, 28]   
9   [1, 7, 10]  [1, 1, 5, 10, 28]   
10  [1, 7, 10]  [1, 1, 5, 10, 28]   
11  [1, 7, 10]   [1, 1, 5, 5, 28]   
13  [1, 7, 10]   [1, 1, 5, 5, 28]   
14  [1, 7, 10]   [1, 1, 5, 5, 28]   
15  [1, 7, 10]   [1, 1, 5, 5, 28]   
20  [1, 7, 10]  [1, 5, 5, 28, 28]   
..         ...                ...   
12  [1, 7, 10]   [1, 1, 5, 5, 28]   
21  [1, 7, 10]  [1, 5, 5, 28, 28]   
22  [1, 7, 10]  [1, 5, 5, 28, 28]   
1   [1, 7, 10]  [1, 1, 1, 10, 28]   
8   [1, 7, 10]  [1, 1, 5, 10, 28]   
0   [1, 7, 10]  [1, 1, 1, 10, 28]   
5   [1, 7, 10]   [1, 1, 1, 5, 10]   
6   [1, 7, 10]    [1, 1, 1, 5, 5]   
17  [1, 7, 10]  [1, 5, 5, 10, 28]   
23  [1, 7, 10]   [1, 5, 5, 5, 28]   

                                          charge_x  atoms  charge_y origin  
2     [400, 0.245401, 0.245919, 0.245645, 9.6e-05]    3.0  0.245607    B88  
3     [400, 0.245401, 0.245919, 0.245645, 9.6e-05]    3.0  0.245896    B88  
4     [400, 0.245401, 0.245919, 0.245645, 9.6e-05]    3.0  0.245528    B88  
9   [2780, 0.242226, 0.245618, 0.243044, 0.000687]    3.0  0.242648    B88  
10  [2780, 0.242226, 0.245618, 0.243044, 0.000687]    3.0  0.242640    B88  
11   [206, 0.221908, 0.222665, 0.221995, 0.000148]    3.0  0.220780   BAla  
13   [206, 0.221908, 0.222665, 0.221995, 0.000148]    3.0  0.220094    EEA  
14   [206, 0.221908, 0.222665, 0.221995, 0.000148]    3.0  0.220094    EEA  
15   [206, 0.221908, 0.222665, 0.221995, 0.000148]    3.0  0.220008    EEA  
20   [380, 0.217005, 0.219529, 0.217921, 0.001209]    3.0  0.219439      N  
..                                             ...    ...       ...    ...  
12   [206, 0.221908, 0.222665, 0.221995, 0.000148]    3.0  0.221897   PEG5  
21   [380, 0.217005, 0.219529, 0.217921, 0.001209]    3.0  0.216988      Q  
22   [380, 0.217005, 0.219529, 0.217921, 0.001209]    3.0  0.217006      Q  
1     [400, 0.245401, 0.245919, 0.245645, 9.6e-05]    3.0  0.245528    R88  
8   [2780, 0.242226, 0.245618, 0.243044, 0.000687]    3.0  0.242640    R88  
0     [400, 0.245401, 0.245919, 0.245645, 9.6e-05]    3.0  0.245606    R88  
5     [35, 0.244914, 0.248021, 0.245469, 0.000517]    NaN       NaN    NaN  
6           [2, 0.224523, 0.224524, 0.224523, 0.0]    NaN       NaN    NaN  
17    [44, 0.239204, 0.239746, 0.239504, 0.000134]    NaN       NaN    NaN  
23             [1, 0.21701, 0.21701, 0.21701, 0.0]    NaN       NaN    NaN  

[26 rows x 6 columns]
('charge_norm_28_0.16300020569822835_0.1639752966596217', 0.44530923007222073, -0.11094119897940165, 0.03042620461682259, [-0.14136740359622424, -0.08051499436257906])
[28.0, 0.16300020569822835, 0.1639752966596217]
Counter({'B88': 6, 'R88': 4, 'EEA': 3, 'N': 2, 'A': 1, 'V': 1, 'PEG': 1, 'E': 1, 'C': 1, 'F': 1, 'S5': 1, 'S': 1, 'R8': 1, 'BAla': 1, 'NL': 1, 'K': 1, 'R': 1, 'B8': 1, 'Q': 1, 'L': 1, 'G': 1, 'PEG1': 1, 'I': 1, 'Y': 1, 'B5': 1, 'H': 1, 'M': 1, 'W': 1, 'PEG5': 1, 'D': 1, 'pff': 1, 'T': 1, 'S8': 1, 'PEG2': 1}) 

   bond1   bond2                                        charge_x  atoms  \
36  [10]  [1, 3]  [3648, 0.162392, 0.164164, 0.163818, 0.000368]     28   
27  [10]  [1, 3]  [3648, 0.162392, 0.164164, 0.163818, 0.000368]     28   
6   [10]  [1, 3]  [3648, 0.162392, 0.164164, 0.163818, 0.000368]     28   
32  [10]  [1, 3]  [3648, 0.162392, 0.164164, 0.163818, 0.000368]     28   
34  [10]  [1, 3]  [3648, 0.162392, 0.164164, 0.163818, 0.000368]     28   
33  [10]  [1, 3]  [3648, 0.162392, 0.164164, 0.163818, 0.000368]     28   
29  [10]  [1, 3]  [3648, 0.162392, 0.164164, 0.163818, 0.000368]     28   
31  [10]  [1, 3]  [3648, 0.162392, 0.164164, 0.163818, 0.000368]     28   
30  [10]  [1, 3]  [3648, 0.162392, 0.164164, 0.163818, 0.000368]     28   
9   [10]  [1, 3]  [3648, 0.162392, 0.164164, 0.163818, 0.000368]     28   
..   ...     ...                                             ...    ...   
20  [10]  [1, 3]  [3648, 0.162392, 0.164164, 0.163818, 0.000368]     28   
22  [10]  [1, 3]  [3648, 0.162392, 0.164164, 0.163818, 0.000368]     28   
15  [10]  [1, 3]  [3648, 0.162392, 0.164164, 0.163818, 0.000368]     28   
10  [10]  [1, 3]  [3648, 0.162392, 0.164164, 0.163818, 0.000368]     28   
43  [10]  [1, 3]  [3648, 0.162392, 0.164164, 0.163818, 0.000368]     28   
39  [10]  [1, 3]  [3648, 0.162392, 0.164164, 0.163818, 0.000368]     28   
28  [10]  [1, 3]  [3648, 0.162392, 0.164164, 0.163818, 0.000368]     28   
40  [10]  [1, 3]  [3648, 0.162392, 0.164164, 0.163818, 0.000368]     28   
18  [10]  [1, 3]  [3648, 0.162392, 0.164164, 0.163818, 0.000368]     28   
38  [10]  [1, 3]  [3648, 0.162392, 0.164164, 0.163818, 0.000368]     28   

    charge_y origin  
36  0.163747      A  
27  0.164061     B5  
6   0.164061     B8  
32  0.163879    B88  
34  0.163777    B88  
33  0.164152    B88  
29  0.164132    B88  
31  0.164162    B88  
30  0.163879    B88  
9   0.162953   BAla  
..       ...    ...  
20  0.164132    R88  
22  0.164152    R88  
15  0.163867      S  
10  0.164048     S5  
43  0.164048     S8  
39  0.163879      T  
28  0.163759      V  
40  0.163774      W  
18  0.163774      Y  
38  0.163774    pff  

[45 rows x 6 columns]
('charge_norm_7_-0.27398123963107096_-0.27251541490535375', 0.44950482365016764, -0.11198645955460311, 0.030354879644306564, [-0.14234133919890968, -0.08163157991029654])
[7.0, -0.27398123963107096, -0.27251541490535375]
Counter({'B88': 6, 'N': 5, 'R88': 4, 'Q': 3, 'EEA': 3, 'A': 1, 'V': 1, 'PEG': 1, 'E': 1, 'C': 1, 'R5': 1, 'F': 1, 'S5': 1, 'S': 1, 'R8': 1, 'BAla': 1, 'NL': 1, 'K': 1, 'R': 1, 'B8': 1, 'L': 1, 'G': 1, 'PEG1': 1, 'I': 1, 'Y': 1, 'B5': 1, 'H': 1, 'P': 1, 'M': 1, 'W': 1, 'PEG5': 1, 'D': 1, 'pff': 1, 'T': 1, 'PEG2': 1, 'S8': 1}) 

   bond1    bond2                                           charge_x  atoms  \
41   [3]  [1, 10]  [3853, -0.275447, -0.272179, -0.273048, 0.000935]      7   
31   [3]  [1, 10]  [3853, -0.275447, -0.272179, -0.273048, 0.000935]      7   
10   [3]  [1, 10]  [3853, -0.275447, -0.272179, -0.273048, 0.000935]      7   
39   [3]  [1, 10]  [3853, -0.275447, -0.272179, -0.273048, 0.000935]      7   
38   [3]  [1, 10]  [3853, -0.275447, -0.272179, -0.273048, 0.000935]      7   
37   [3]  [1, 10]  [3853, -0.275447, -0.272179, -0.273048, 0.000935]      7   
36   [3]  [1, 10]  [3853, -0.275447, -0.272179, -0.273048, 0.000935]      7   
35   [3]  [1, 10]  [3853, -0.275447, -0.272179, -0.273048, 0.000935]      7   
34   [3]  [1, 10]  [3853, -0.275447, -0.272179, -0.273048, 0.000935]      7   
13   [3]  [1, 10]  [3853, -0.275447, -0.272179, -0.273048, 0.000935]      7   
..   ...      ...                                                ...    ...   
24   [3]  [1, 10]  [3853, -0.275447, -0.272179, -0.273048, 0.000935]      7   
25   [3]  [1, 10]  [3853, -0.275447, -0.272179, -0.273048, 0.000935]      7   
19   [3]  [1, 10]  [3853, -0.275447, -0.272179, -0.273048, 0.000935]      7   
14   [3]  [1, 10]  [3853, -0.275447, -0.272179, -0.273048, 0.000935]      7   
50   [3]  [1, 10]  [3853, -0.275447, -0.272179, -0.273048, 0.000935]      7   
46   [3]  [1, 10]  [3853, -0.275447, -0.272179, -0.273048, 0.000935]      7   
32   [3]  [1, 10]  [3853, -0.275447, -0.272179, -0.273048, 0.000935]      7   
47   [3]  [1, 10]  [3853, -0.275447, -0.272179, -0.273048, 0.000935]      7   
22   [3]  [1, 10]  [3853, -0.275447, -0.272179, -0.273048, 0.000935]      7   
45   [3]  [1, 10]  [3853, -0.275447, -0.272179, -0.273048, 0.000935]      7   

    charge_y origin  
41 -0.273308      A  
31 -0.272949     B5  
10 -0.272949     B8  
39 -0.272377    B88  
38 -0.272708    B88  
37 -0.272363    B88  
36 -0.272708    B88  
35 -0.272376    B88  
34 -0.273298    B88  
13 -0.275089   BAla  
..       ...    ...  
24 -0.273298    R88  
25 -0.272376    R88  
19 -0.273192      S  
14 -0.272961     S5  
50 -0.272961     S8  
46 -0.273179      T  
32 -0.273296      V  
47 -0.273282      W  
22 -0.273282      Y  
45 -0.273282    pff  

[52 rows x 6 columns]
('charge_norm_28_0.16348775117892503_0.1639752966596217', 0.4495856145482003, -0.11200658722878785, 0.030353497984781683, [-0.14236008521356955, -0.08165308924400617])
[28.0, 0.16348775117892503, 0.1639752966596217]
Counter({'B88': 6, 'R88': 4, 'EEA': 3, 'N': 2, 'A': 1, 'V': 1, 'PEG': 1, 'E': 1, 'C': 1, 'F': 1, 'S5': 1, 'S': 1, 'R8': 1, 'BAla': 1, 'NL': 1, 'K': 1, 'R': 1, 'B8': 1, 'Q': 1, 'L': 1, 'G': 1, 'PEG1': 1, 'I': 1, 'Y': 1, 'B5': 1, 'H': 1, 'M': 1, 'W': 1, 'PEG5': 1, 'D': 1, 'pff': 1, 'T': 1, 'S8': 1, 'PEG2': 1}) 

   bond1   bond2                                        charge_x  atoms  \
36  [10]  [1, 3]  [3648, 0.162392, 0.164164, 0.163818, 0.000368]     28   
27  [10]  [1, 3]  [3648, 0.162392, 0.164164, 0.163818, 0.000368]     28   
6   [10]  [1, 3]  [3648, 0.162392, 0.164164, 0.163818, 0.000368]     28   
32  [10]  [1, 3]  [3648, 0.162392, 0.164164, 0.163818, 0.000368]     28   
34  [10]  [1, 3]  [3648, 0.162392, 0.164164, 0.163818, 0.000368]     28   
33  [10]  [1, 3]  [3648, 0.162392, 0.164164, 0.163818, 0.000368]     28   
29  [10]  [1, 3]  [3648, 0.162392, 0.164164, 0.163818, 0.000368]     28   
31  [10]  [1, 3]  [3648, 0.162392, 0.164164, 0.163818, 0.000368]     28   
30  [10]  [1, 3]  [3648, 0.162392, 0.164164, 0.163818, 0.000368]     28   
9   [10]  [1, 3]  [3648, 0.162392, 0.164164, 0.163818, 0.000368]     28   
..   ...     ...                                             ...    ...   
20  [10]  [1, 3]  [3648, 0.162392, 0.164164, 0.163818, 0.000368]     28   
22  [10]  [1, 3]  [3648, 0.162392, 0.164164, 0.163818, 0.000368]     28   
15  [10]  [1, 3]  [3648, 0.162392, 0.164164, 0.163818, 0.000368]     28   
10  [10]  [1, 3]  [3648, 0.162392, 0.164164, 0.163818, 0.000368]     28   
43  [10]  [1, 3]  [3648, 0.162392, 0.164164, 0.163818, 0.000368]     28   
39  [10]  [1, 3]  [3648, 0.162392, 0.164164, 0.163818, 0.000368]     28   
28  [10]  [1, 3]  [3648, 0.162392, 0.164164, 0.163818, 0.000368]     28   
40  [10]  [1, 3]  [3648, 0.162392, 0.164164, 0.163818, 0.000368]     28   
18  [10]  [1, 3]  [3648, 0.162392, 0.164164, 0.163818, 0.000368]     28   
38  [10]  [1, 3]  [3648, 0.162392, 0.164164, 0.163818, 0.000368]     28   

    charge_y origin  
36  0.163747      A  
27  0.164061     B5  
6   0.164061     B8  
32  0.163879    B88  
34  0.163777    B88  
33  0.164152    B88  
29  0.164132    B88  
31  0.164162    B88  
30  0.163879    B88  
9   0.162953   BAla  
..       ...    ...  
20  0.164132    R88  
22  0.164152    R88  
15  0.163867      S  
10  0.164048     S5  
43  0.164048     S8  
39  0.163879      T  
28  0.163759      V  
40  0.163774      W  
18  0.163774      Y  
38  0.163774    pff  

[45 rows x 6 columns]
('charge_norm_7_-0.27544706435678823_-0.27251541490535375', 0.45333406533731424, -0.11294044980511977, 0.030289050297436743, [-0.14322950010255653, -0.08265139950768303])
[7.0, -0.27544706435678823, -0.27251541490535375]
Counter({'B88': 6, 'N': 5, 'R88': 4, 'Q': 3, 'EEA': 3, 'A': 1, 'V': 1, 'PEG': 1, 'E': 1, 'C': 1, 'R5': 1, 'F': 1, 'S5': 1, 'S': 1, 'R8': 1, 'BAla': 1, 'NL': 1, 'K': 1, 'R': 1, 'B8': 1, 'L': 1, 'G': 1, 'PEG1': 1, 'I': 1, 'Y': 1, 'B5': 1, 'H': 1, 'P': 1, 'M': 1, 'W': 1, 'PEG5': 1, 'D': 1, 'pff': 1, 'T': 1, 'PEG2': 1, 'S8': 1}) 

   bond1    bond2                                           charge_x  atoms  \
41   [3]  [1, 10]  [3853, -0.275447, -0.272179, -0.273048, 0.000935]      7   
31   [3]  [1, 10]  [3853, -0.275447, -0.272179, -0.273048, 0.000935]      7   
10   [3]  [1, 10]  [3853, -0.275447, -0.272179, -0.273048, 0.000935]      7   
39   [3]  [1, 10]  [3853, -0.275447, -0.272179, -0.273048, 0.000935]      7   
38   [3]  [1, 10]  [3853, -0.275447, -0.272179, -0.273048, 0.000935]      7   
37   [3]  [1, 10]  [3853, -0.275447, -0.272179, -0.273048, 0.000935]      7   
36   [3]  [1, 10]  [3853, -0.275447, -0.272179, -0.273048, 0.000935]      7   
35   [3]  [1, 10]  [3853, -0.275447, -0.272179, -0.273048, 0.000935]      7   
34   [3]  [1, 10]  [3853, -0.275447, -0.272179, -0.273048, 0.000935]      7   
13   [3]  [1, 10]  [3853, -0.275447, -0.272179, -0.273048, 0.000935]      7   
..   ...      ...                                                ...    ...   
24   [3]  [1, 10]  [3853, -0.275447, -0.272179, -0.273048, 0.000935]      7   
25   [3]  [1, 10]  [3853, -0.275447, -0.272179, -0.273048, 0.000935]      7   
19   [3]  [1, 10]  [3853, -0.275447, -0.272179, -0.273048, 0.000935]      7   
14   [3]  [1, 10]  [3853, -0.275447, -0.272179, -0.273048, 0.000935]      7   
50   [3]  [1, 10]  [3853, -0.275447, -0.272179, -0.273048, 0.000935]      7   
46   [3]  [1, 10]  [3853, -0.275447, -0.272179, -0.273048, 0.000935]      7   
32   [3]  [1, 10]  [3853, -0.275447, -0.272179, -0.273048, 0.000935]      7   
47   [3]  [1, 10]  [3853, -0.275447, -0.272179, -0.273048, 0.000935]      7   
22   [3]  [1, 10]  [3853, -0.275447, -0.272179, -0.273048, 0.000935]      7   
45   [3]  [1, 10]  [3853, -0.275447, -0.272179, -0.273048, 0.000935]      7   

    charge_y origin  
41 -0.273308      A  
31 -0.272949     B5  
10 -0.272949     B8  
39 -0.272377    B88  
38 -0.272708    B88  
37 -0.272363    B88  
36 -0.272708    B88  
35 -0.272376    B88  
34 -0.273298    B88  
13 -0.275089   BAla  
..       ...    ...  
24 -0.273298    R88  
25 -0.272376    R88  
19 -0.273192      S  
14 -0.272961     S5  
50 -0.272961     S8  
46 -0.273179      T  
32 -0.273296      V  
47 -0.273282      W  
22 -0.273282      Y  
45 -0.273282    pff  

[52 rows x 6 columns]

