charge 0.0
ixc 7
natom 80
nsppol 1
#Definition of the unit cell
acell
1.00000000000000 1.00000000000000 1.00000000000000 Angstrom
rprim
9.95208772000000 -0.04724824000000 -0.03465793000000
0.04031599000000 8.55117485000000 -0.00953377000000
0.03164038000000 0.00966592000000 9.17743912000000
chkprim 0 # Allow non-primitive cells
#Definition of the atom types
ntypat 3
znucl 31 13 8
#Enumerate different atomic species
typat
 1 2 2 1 1 2 2 2 2 1 1 2 2 1 2 1 1 2 1 2 1 2
 2 2 1 2 2 2 2 1 2 2 3 3 3 3 3 3 3 3 3 3
 3 3 3 3 3 3 3 3 3 3 3 3 3 3 3 3 3 3 3 3
 3 3 3 3 3 3 3 3 3 3 3 3 3 3 3 3 3 3
#Definition of the atoms
xangst
1.60888793667000 7.27641621815000 6.38315519129000
6.58493179667000 7.25279209815000 6.36582622629000
3.43575841305000 1.25977584433000 1.79461264699000
8.41180227305000 1.23615172433000 1.77728368199000
0.95588031303000 2.99892522403000 1.80135130795000
5.93192417303000 2.97530110403000 1.78402234295000
4.08876603669000 5.53726683845000 6.37641653033000
9.06480989669000 5.51364271845000 6.35908756533000
0.91723977236000 5.62244433382000 -0.00937510539500
5.89328363236000 5.59882021382000 -0.02670407039500
4.11494026764000 2.90993935618000 4.57123193039500
9.09098412764000 2.88631523618000 4.55390296539500
1.61950019548000 1.34833524378000 4.58165062657500
6.59554405548000 1.32471112378000 4.56432166157500
3.44432022452000 7.19371436622000 9.15764531842500
8.42036408452000 7.17009024622000 9.14031635342500
0.86879358780000 0.26222264742000 9.16506440166000
5.84483744780000 0.23859852742000 9.14773543666000
4.19496355144000 8.27980763074000 4.55587666510000
9.17100741144000 8.25618351074000 4.53854770010000
1.68920258584000 4.52910275674000 4.56873600640000
6.66524644584000 4.50547863674000 4.55140704140000
3.37455455340000 4.01292752142000 9.15220506036000
8.35059841340000 3.98930340142000 9.13487609536000
3.43982063359000 1.33395900829000 7.20927744452500
8.41586449359000 1.31033488829000 7.19194847952500
1.61052098453000 7.20397291979000 2.62042943535500
6.58656484453000 7.18034879979000 2.60310047035500
4.09104414039000 5.60164233769000 2.61353823407500
9.06708800039000 5.57801821769000 2.59620926907500
0.95929747773000 2.93628959039000 7.21616864580500
5.93534133773000 2.91266547039000 7.19883968080500
4.18036661659000 5.70978324573000 8.17470933004500
9.15641047659000 5.68615912573000 8.15738036504500
0.87668276209000 2.83019785739000 3.60061464327500
5.85272662209000 2.80657373739000 3.58328567827500
3.35817350171000 1.43309547169000 3.59349463151500
8.33421736171000 1.40947135169000 3.57616566651500
1.69887587697000 7.10688563143000 8.18182934180500
6.67491973697000 7.08326151143000 8.16450037680500
2.63268766943000 0.07063777433000 5.76342569592500
7.60873152943000 0.04701365433000 5.74609673092500
2.40765558861000 8.46423972303000 1.16621042203500
7.38369944861000 8.44061560303000 1.14888145703500
4.87624521143000 4.33076138533000 1.16214121667500
9.85228907143000 4.30713726533000 1.14481225167500
0.16409804661000 4.20411611203000 5.76749490128500
5.14014190661000 4.18049199203000 5.75016593628500
0.11181046761000 7.07263681547000 1.10232577125500
5.08785432761000 7.04901269547000 1.08499680625500
4.92802654435000 1.46208602717000 5.68047132078500
9.90407040435000 1.43846190717000 5.66314235578500
2.44621327681000 2.79077901407000 5.68766760270500
7.42225713681000 2.76715489407000 5.67033863770500
2.59362373515000 5.74394382857000 1.09512948933500
7.56966759515000 5.72031970857000 1.07780052433500
4.89056504601000 7.12343521207000 5.83040170663000
9.86660890601000 7.09981109207000 5.81307274163000
0.15034773887000 1.41161627185000 1.26442831549000
5.12639159887000 1.38799215185000 1.24709935049000
2.64522338717000 2.85350393635000 1.25414309209000
7.62126724717000 2.82987981635000 1.23681412709000
2.39568939771000 5.68154754757000 5.84068693003000
7.37173325771000 5.65792342757000 5.82335796503000
1.83060612084000 1.45354210390000 7.93978578065500
6.80664998084000 1.42991798390000 7.92245681565500
3.22473467732000 7.08591703954000 3.33995648018500
8.20077853732000 7.06229291954000 3.32262751518500
0.73026218892000 5.72954112354000 3.35014636588500
5.70630604892000 5.70591700354000 3.33281740088500
4.32507860924000 2.80991801990000 7.92959589495500
9.30112246924000 2.78629389990000 7.91226692995500
4.18848932495000 -0.00249926147000 8.24519865949000
9.16453318495000 -0.02612338147000 8.22786969449000
0.86900301905000 8.54261568747000 3.65860946151000
5.84504687905000 8.51899156747000 3.64128049651000
3.33694758603000 4.27231855217000 3.65469279647000
8.31299144603000 4.24869443217000 3.63736383147000
1.72054475797000 4.26779787383000 8.24911532453000
6.69658861797000 4.24417375383000 8.23178635953000
kptopt 1
ngkpt 1 1 1
nshiftk 1
shiftk
0.0 0.0 0.0
chkexit 1 # abinit.exit file in the running directory terminates after the current SCF
